解释序号,井段,厚度,最大声幅,最小声幅,平均声幅,结论
单位,(米),(米),,,,
1,13.00-1420.64,1407.64,94.83,32.45,66.28,差
2,1420.64-1421.94,1.30,40.28,34.48,37.08,中
3,1421.94-1427.42,5.49,45.13,38.36,42.54,差
4,1427.42-1457.22,29.79,41.15,20.17,29.68,中
5,1457.22-1461.64,4.42,20.44,15.72,18.11,好
6,1461.64-1464.00,2.36,27.05,19.94,23.05,中
7,1464.00-1494.63,30.63,20.65,10.37,15.03,好
8,1494.63-1506.14,11.51,32.67,16.11,23.38,中
9,1506.14-1509.19,3.05,26.80,16.61,19.56,好
10,1509.19-1513.53,4.34,39.60,19.31,31.04,中
11,1513.53-1514.98,1.45,43.12,39.60,41.88,差
12,1514.98-1517.11,2.13,40.83,20.97,34.14,中
13,1517.11-1521.91,4.80,20.97,13.11,16.04,好
14,1521.91-1523.21,1.30,24.66,19.10,22.34,中
15,1523.21-1537.46,14.25,25.41,9.21,14.34,好
16,1537.46-1551.71,14.25,41.71,18.22,28.84,中
17,1551.71-1559.33,7.62,69.51,23.51,49.94,差
18,1559.33-1562.60,3.28,40.60,22.48,31.23,中
19,1562.60-1575.79,13.18,55.70,38.76,49.61,差
20,1575.79-1580.59,4.80,43.71,32.05,38.53,中
21,1580.59-1582.03,1.45,42.47,39.58,41.09,差
22,1582.03-1596.89,14.86,40.15,26.86,32.98,中
23,1596.89-1604.36,7.47,59.64,31.80,45.45,差
24,1604.36-1608.25,3.89,31.80,15.42,18.51,好
25,1608.25-1609.85,1.60,38.62,18.73,29.35,中
26,1609.85-1615.71,5.87,65.19,29.58,51.80,差
27,1615.71-1620.52,4.80,40.77,19.50,31.92,中
28,1620.52-1644.82,24.31,57.59,35.71,46.19,差
29,1644.82-1648.02,3.20,40.29,23.46,32.08,中
30,1648.02-1652.44,4.42,61.79,28.16,48.94,差
31,1652.44-1658.31,5.87,45.16,23.33,36.22,中
32,1658.31-1660.14,1.83,67.60,37.89,56.96,差
33,1660.14-1661.66,1.52,40.04,21.73,29.82,中
34,1661.66-1668.52,6.86,21.73,13.46,16.43,好
35,1668.52-1686.28,17.75,41.06,14.56,29.61,中
36,1686.28-1687.80,1.52,22.01,11.49,14.83,好
37,1687.80-1694.58,6.78,40.90,13.56,30.07,中
38,1694.58-1697.10,2.51,44.81,37.69,43.50,差
39,1697.10-1706.01,8.92,40.64,21.23,35.19,中
40,1706.01-1707.23,1.22,21.23,13.28,15.65,好
41,1707.23-1708.83,1.60,35.28,18.64,28.18,中
42,1708.83-1710.74,1.91,20.35,16.42,18.19,好
43,1710.74-1723.16,12.42,39.28,17.27,26.24,中
44,1723.16-1729.94,6.78,68.94,39.28,57.00,差
45,1729.94-1732.76,2.82,40.85,30.97,36.08,中
46,1732.76-1735.42,2.67,43.02,39.60,42.17,差
47,1735.42-1744.87,9.45,40.70,13.16,23.82,中
48,1744.87-1748.91,4.04,20.39,6.86,12.32,好
49,1748.91-1750.28,1.37,27.76,19.75,24.44,中
50,1750.28-1755.54,5.26,25.29,8.75,14.29,好
51,1755.54-1757.29,1.75,30.80,18.66,26.31,中
52,1757.29-1762.78,5.49,21.99,5.76,11.62,好
53,1762.78-1764.30,1.52,22.86,19.60,21.72,中
54,1764.30-1765.83,1.52,20.09,11.44,14.91,好
55,1765.83-1771.09,5.26,39.77,19.39,31.09,中
56,1771.09-1775.43,4.34,53.41,31.88,45.06,差
57,1775.43-1791.97,16.54,42.27,17.07,27.57,中
58,1791.97-1793.03,1.07,20.53,12.13,15.17,好
59,1793.03-1794.71,1.68,39.87,18.65,30.76,中
60,1794.71-1797.68,2.97,49.74,39.87,44.79,差
61,1797.68-1803.01,5.33,40.12,20.64,32.03,中
62,1803.01-1804.92,1.90,20.64,13.16,16.78,好
63,1804.92-1812.39,7.47,36.03,19.41,29.55,中
64,1812.39-1816.43,4.04,22.13,12.65,18.07,好
65,1816.43-1825.49,9.07,36.44,16.33,24.04,中
66,1825.49-1836.24,10.74,21.39,8.56,12.43,好
67,1836.24-1839.82,3.58,32.44,18.37,25.03,中
68,1839.82-1842.71,2.90,20.46,17.16,18.53,好
69,1842.71-1851.78,9.07,39.71,17.28,28.42,中
70,1851.78-1853.99,2.21,48.40,39.71,44.67,差
71,1853.99-1855.21,1.22,40.38,38.14,38.98,中
72,1855.21-1859.33,4.11,43.12,33.48,41.80,差
73,1859.33-1861.08,1.75,33.48,12.15,19.81,好
74,1861.08-1868.85,7.77,58.72,29.91,48.24,差
75,1868.85-1870.76,1.91,40.26,20.53,33.87,中
76,1870.76-1873.12,2.36,20.53,13.47,16.54,好
77,1873.12-1882.03,8.92,31.19,19.86,24.40,中
78,1882.03-1883.48,1.45,20.49,16.51,17.88,好
79,1883.48-1888.36,4.88,27.20,19.45,23.29,中
80,1888.36-1893.62,5.26,20.13,11.91,13.56,好
81,1893.62-1914.95,21.34,43.20,19.34,30.63,中
82,1914.95-1916.32,1.37,21.15,15.23,17.25,好
83,1916.32-1921.58,5.26,39.81,19.60,31.57,中
84,1921.58-1923.03,1.45,44.30,39.81,42.61,差
85,1923.03-1924.10,1.07,40.62,37.85,38.79,中
86,1924.10-1926.31,2.21,44.33,32.77,41.93,差
87,1926.31-1928.36,2.06,32.77,14.19,19.77,好
88,1928.36-1930.27,1.91,43.99,28.79,38.95,差
89,1930.27-1932.10,1.83,31.58,13.86,19.60,好
90,1932.10-1935.98,3.89,46.55,27.24,43.58,差
91,1935.98-1940.86,4.88,40.32,17.49,24.73,中
92,1940.86-1947.95,7.09,24.30,6.99,12.83,好
93,1947.95-1953.36,5.41,39.55,19.67,27.06,中
94,1953.36-1954.58,1.22,20.65,16.44,17.78,好
95,1954.58-1956.56,1.98,27.45,19.86,23.46,中
96,1956.56-1962.12,5.56,27.03,12.32,18.45,好
97,1962.12-1970.88,8.76,69.46,27.03,48.52,差
98,1970.88-1972.56,1.68,41.97,18.84,27.54,中
99,1972.56-1982.16,9.60,63.67,32.44,54.45,差
100,1982.16-1983.91,1.75,32.44,17.00,20.47,好
101,1983.91-1991.23,7.32,32.31,19.77,25.66,中
102,1991.23-1999.31,8.08,25.04,13.54,17.47,好
103,1999.31-2001.90,2.59,22.67,19.74,21.43,中
104,2001.90-2005.33,3.43,21.91,13.78,16.51,好
105,2005.33-2006.39,1.07,26.70,19.98,23.99,中
106,2006.39-2008.30,1.90,21.01,15.87,17.32,好
107,2008.30-2009.36,1.07,21.68,19.59,20.88,中
108,2009.36-2011.19,1.83,20.03,16.31,18.00,好
109,2011.19-2017.59,6.40,39.49,19.51,28.92,中
110,2017.59-2019.27,1.68,52.70,39.49,46.91,差
111,2019.27-2021.40,2.13,40.48,30.65,35.73,中
112,2021.40-2025.90,4.50,46.12,39.58,43.71,差
113,2025.90-2026.97,1.07,40.53,21.34,32.32,中
114,2026.97-2028.64,1.68,27.89,15.34,18.77,好
115,2028.64-2030.47,1.83,43.42,27.89,39.79,差
116,2030.47-2036.26,5.79,40.34,20.09,28.58,中
117,2036.26-2040.83,4.57,25.78,9.98,14.04,好
118,2040.83-2044.80,3.96,48.39,25.78,44.52,差
119,2044.80-2046.24,1.45,40.09,20.61,30.14,中
120,2046.24-2051.12,4.88,26.37,14.04,16.90,好
121,2051.12-2055.62,4.50,48.55,26.37,43.78,差
122,2055.62-2060.04,4.42,40.32,20.13,31.07,中
123,2060.04-2062.93,2.90,20.13,11.36,15.00,好
124,2062.93-2064.69,1.75,39.49,19.71,26.24,中
125,2064.69-2067.43,2.74,45.67,33.65,42.60,差
126,2067.43-2075.12,7.70,33.65,8.82,14.32,好
127,2075.12-2083.51,8.38,41.23,19.00,29.65,中
128,2083.51-2086.63,3.12,20.16,16.56,18.12,好
129,2086.63-2091.20,4.57,44.91,19.51,33.49,中
130,2091.20-2092.88,1.68,20.42,16.86,18.01,好
131,2092.88-2096.08,3.20,42.15,19.92,29.61,中
132,2096.08-2101.95,5.87,50.68,36.54,43.84,差
133,2101.95-2105.91,3.96,41.17,21.38,29.80,中
134,2105.91-2108.50,2.59,23.48,11.49,17.48,好
135,2108.50-2111.24,2.74,41.18,19.14,32.62,中
136,2111.24-2112.61,1.37,46.40,39.51,44.00,差
137,2112.61-2116.81,4.19,41.13,20.29,29.16,中
138,2116.81-2199.18,82.37,25.27,6.54,11.67,好
139,2199.18-2205.12,5.94,25.36,19.97,22.39,中
140,2205.12-2207.56,2.44,20.64,12.64,14.89,好
141,2207.56-2216.70,9.14,37.67,19.03,30.45,中
142,2216.70-2219.52,2.82,20.78,14.12,16.29,好
143,2219.52-2223.87,4.34,28.63,19.83,23.16,中
144,2223.87-2230.57,6.71,20.48,10.65,15.65,好
145,2230.57-2236.14,5.56,25.32,19.85,22.16,中
146,2236.14-2239.56,3.43,20.56,17.10,18.70,好
147,2239.56-2250.84,11.28,41.95,18.67,26.33,中
148,2250.84-2252.21,1.37,21.12,16.99,18.26,好
149,2252.21-2261.51,9.30,43.01,19.39,31.11,中
150,2261.51-2263.34,1.83,29.39,16.64,19.67,好
151,2263.34-2265.01,1.68,40.50,29.39,38.73,差
152,2265.01-2273.63,8.61,40.06,20.32,26.12,中
153,2273.63-2285.67,12.04,20.82,8.80,12.77,好
154,2285.67-2286.96,1.30,25.49,19.99,22.86,中
155,2286.96-2288.10,1.14,20.99,15.96,17.72,好
156,2288.10-2292.29,4.19,36.75,19.64,31.76,中
157,2292.29-2323.61,31.32,22.40,5.23,9.43,好
158,2323.61-2325.97,2.36,35.65,18.85,28.77,中
159,2325.97-2349.75,23.77,20.52,5.20,11.05,好
160,2349.75-2356.68,6.93,43.32,16.57,24.54,中
161,2356.68-2363.54,6.86,20.35,5.08,8.43,好
162,2363.54-2364.91,1.37,31.30,18.97,26.86,中
163,2364.91-2370.55,5.64,21.32,5.44,11.91,好
164,2370.55-2373.68,3.12,29.47,19.77,26.87,中
165,2373.68-2374.97,1.30,20.77,15.15,16.70,好
166,2374.97-2382.44,7.47,39.21,19.44,28.71,中
167,2382.44-2397.07,14.63,20.17,5.36,9.15,好
168,2397.07-2403.32,6.25,26.78,18.28,22.72,中
169,2403.32-2409.87,6.55,20.03,7.00,12.11,好
170,2409.87-2417.19,7.32,28.90,18.77,24.13,中
171,2417.19-2422.67,5.49,20.29,10.46,14.97,好
172,2422.67-2429.53,6.86,27.25,19.85,24.72,中
173,2429.53-2453.23,23.70,21.15,4.47,10.05,好
174,2453.23-2456.35,3.12,28.58,19.03,25.97,中
175,2456.35-2457.65,1.30,20.39,11.85,15.31,好
176,2457.65-2460.09,2.44,25.95,19.08,22.44,中
177,2460.09-2461.23,1.14,20.29,17.87,18.81,好
178,2461.23-2463.13,1.91,25.38,19.75,23.52,中
179,2463.13-2509.92,46.79,20.73,4.62,7.54,好
180,2509.92-2511.83,1.91,24.39,19.72,22.85,中
181,2511.83-2513.66,1.83,20.15,12.55,15.06,好
182,2513.66-2514.80,1.14,23.86,19.71,22.30,中
183,2514.80-2516.63,1.83,20.49,11.72,16.07,好
184,2516.63-2518.76,2.13,30.94,18.91,27.37,中
185,2518.76-2528.97,10.21,20.99,5.46,9.55,好
186,2528.97-2531.56,2.59,27.94,18.64,22.41,中
187,2531.56-2533.00,1.44,20.03,16.41,17.51,好
