解释序号,井段,厚度,最大声幅,最小声幅,平均声幅,结论
单位,(米),(米),,,,
1,2352.00-2352.30,0.30,19.62,16.92,18.15,好
2,2352.30-2354.36,2.06,41.61,20.13,31.94,中
3,2354.36-2363.66,9.30,20.12,4.95,10.55,好
4,2363.66-2365.03,1.37,30.45,20.02,26.25,中
5,2365.03-2370.52,5.49,19.59,5.14,11.82,好
6,2370.52-2382.18,11.66,39.45,16.88,27.27,中
7,2382.18-2397.11,14.94,19.85,5.00,8.84,好
8,2397.11-2403.28,6.17,26.97,19.15,23.32,中
9,2403.28-2410.14,6.86,19.95,9.03,13.41,好
10,2410.14-2417.23,7.09,26.95,19.40,23.28,中
11,2417.23-2422.56,5.33,19.99,10.81,15.21,好
12,2422.56-2429.34,6.78,27.47,20.25,25.40,中
13,2429.34-2453.27,23.93,20.65,4.13,9.96,好
14,2453.27-2456.32,3.05,27.52,20.66,25.16,中
15,2456.32-2457.61,1.30,19.67,13.38,15.89,好
16,2457.61-2459.67,2.06,24.22,19.96,21.88,中
17,2459.67-2461.42,1.75,19.99,16.60,18.23,好
18,2461.42-2462.95,1.52,22.81,20.40,21.99,中
19,2462.95-2509.73,46.79,19.97,4.17,6.61,好
20,2509.73-2511.49,1.75,22.94,20.41,22.27,中
21,2511.49-2513.47,1.98,19.72,12.60,14.86,好
22,2513.47-2514.76,1.30,23.72,20.27,22.24,中
23,2514.76-2516.52,1.75,19.98,12.50,16.03,好
24,2516.52-2518.65,2.13,32.40,20.39,27.77,中
25,2518.65-2528.86,10.21,19.93,4.81,8.76,好
26,2528.86-2531.30,2.44,29.73,20.11,24.35,中
27,2531.30-2545.85,14.55,21.71,6.18,13.41,好
28,2545.85-2547.53,1.68,36.70,20.16,29.41,中
29,2547.53-2565.28,17.75,27.73,8.23,15.53,好
30,2565.28-2568.33,3.05,52.14,29.74,46.30,差
31,2568.33-2572.68,4.34,40.17,20.24,32.24,中
32,2572.68-2578.31,5.64,19.75,13.71,15.92,好
33,2578.31-2583.72,5.41,36.23,20.15,29.20,中
34,2583.72-2592.49,8.76,20.00,10.49,15.04,好
35,2592.49-2607.19,14.71,31.38,18.07,24.75,中
36,2607.19-2609.48,2.29,19.98,11.98,16.28,好
37,2609.48-2612.91,3.43,34.27,20.63,26.77,中
38,2612.91-2620.83,7.92,19.98,5.17,9.52,好
39,2620.83-2622.36,1.52,39.95,20.94,31.41,中
40,2622.36-2624.03,1.68,47.46,40.48,44.70,差
41,2624.03-2629.67,5.64,38.81,20.60,29.08,中
42,2629.67-2636.53,6.86,20.77,15.04,17.72,好
43,2636.53-2670.90,34.37,39.91,18.15,27.48,中
44,2670.90-2672.42,1.52,19.71,18.27,18.99,好
45,2672.42-2673.95,1.52,22.23,20.07,21.45,中
46,2673.95-2677.53,3.58,22.30,14.47,17.83,好
47,2677.53-2678.82,1.30,21.35,20.00,20.52,中
48,2678.82-2681.11,2.29,19.99,18.09,19.32,好
49,2681.11-2738.56,57.45,44.46,18.27,31.50,中
50,2738.56-2743.52,4.95,52.00,36.99,43.55,差
51,2743.52-2744.66,1.14,38.85,27.27,31.87,中
52,2744.66-2747.40,2.74,46.48,40.08,44.84,差
53,2747.40-2753.19,5.79,42.47,34.82,37.99,中
54,2753.19-2757.99,4.80,47.28,32.37,42.21,差
55,2757.99-2759.59,1.60,39.58,34.71,36.68,中
56,2759.59-2763.40,3.81,46.92,40.11,44.40,差
57,2763.40-2778.49,15.09,41.34,22.05,32.06,中
58,2778.49-2779.94,1.45,42.17,40.45,41.68,差
59,2779.94-2794.72,14.78,42.21,22.43,35.21,中
60,2794.72-2797.16,2.44,44.23,40.29,41.80,差
61,2797.16-2826.42,29.26,40.75,18.39,29.33,中
62,2826.42-2828.10,1.68,19.86,14.34,16.46,好
63,2828.10-2829.77,1.68,29.92,20.32,25.59,中
64,2829.77-2831.30,1.52,19.77,13.94,17.35,好
65,2831.30-2836.25,4.95,44.55,20.86,36.29,中
66,2836.25-2839.22,2.97,45.87,40.19,43.10,差
67,2839.22-2857.28,18.06,39.30,17.20,27.57,中
68,2857.28-2860.18,2.90,47.01,40.34,42.78,差
69,2860.18-2864.22,4.04,39.74,21.70,29.61,中
70,2864.22-2866.12,1.91,45.06,40.09,43.07,差
71,2866.12-2868.33,2.21,39.47,26.52,33.04,中
72,2868.33-2876.33,8.00,50.30,40.10,45.50,差
73,2876.33-2879.08,2.74,39.42,27.46,31.98,中
74,2879.08-2880.83,1.75,43.84,40.00,42.39,差
75,2880.83-2894.93,14.10,42.31,21.12,34.45,中
76,2894.93-2897.36,2.44,41.64,40.03,41.15,差
77,2897.36-2898.51,1.14,39.80,37.58,38.57,中
78,2898.51-2899.95,1.45,43.29,40.10,41.38,差
79,2899.95-2907.73,7.77,39.98,21.56,33.96,中
80,2907.73-2911.00,3.28,48.04,40.09,44.68,差
81,2911.00-2912.45,1.45,39.95,28.61,32.96,中
82,2912.45-2916.03,3.58,47.83,40.55,45.00,差
83,2916.03-2921.44,5.41,39.97,20.69,31.26,中
84,2921.44-2923.20,1.75,19.98,14.72,17.03,好
85,2923.20-2930.89,7.70,44.43,17.89,31.01,中
86,2930.89-2932.80,1.91,44.66,40.25,42.81,差
87,2932.80-2937.29,4.50,39.15,20.27,29.54,中
88,2937.29-2941.18,3.89,26.60,15.20,20.26,好
89,2941.18-2944.76,3.58,26.55,20.15,23.44,中
90,2944.76-2947.05,2.29,19.43,14.80,16.95,好
91,2947.05-2948.72,1.68,30.98,20.69,26.80,中
92,2948.72-2952.30,3.58,19.96,7.96,12.10,好
93,2952.30-2955.35,3.05,29.02,20.11,25.62,中
94,2955.35-2959.62,4.27,20.61,15.10,19.03,好
95,2959.62-2988.50,28.88,30.15,20.02,24.62,中
96,2988.50-2990.48,1.98,19.70,17.00,18.27,好
97,2990.48-2991.55,1.07,22.86,20.06,21.65,中
98,2991.55-3014.33,22.78,21.86,8.38,15.46,好
99,3014.33-3016.54,2.21,22.45,20.09,21.61,中
100,3016.54-3036.58,20.04,21.60,3.87,15.43,好
101,3036.58-3037.88,1.30,21.27,20.07,20.83,中
102,3037.88-3059.67,21.79,20.12,6.61,11.10,好
103,3059.67-3061.42,1.75,26.02,20.02,23.02,中
104,3061.42-3329.57,268.15,21.37,2.28,7.76,好
105,3329.57-3336.20,6.63,31.62,20.39,26.59,中
106,3336.20-3337.95,1.75,19.64,11.23,15.09,好
107,3337.95-3346.11,8.15,28.82,20.31,26.59,中
108,3346.11-3349.31,3.20,19.81,4.73,10.70,好
109,3349.31-3359.36,10.06,41.21,20.21,29.94,中
110,3359.36-3360.51,1.14,19.94,16.32,17.85,好
111,3360.51-3365.46,4.95,31.89,20.12,26.19,中
112,3365.46-3373.69,8.23,19.76,4.42,9.44,好
113,3373.69-3376.36,2.67,25.78,20.01,23.26,中
114,3376.36-3382.99,6.63,19.90,6.19,11.39,好
115,3382.99-3386.42,3.43,25.84,20.02,23.47,中
116,3386.42-3387.63,1.22,19.88,19.17,19.43,好
117,3387.63-3404.25,16.61,34.44,16.39,26.63,中
118,3404.25-3405.92,1.68,19.76,12.94,16.38,好
119,3405.92-3454.39,48.46,42.66,16.72,27.46,中
120,3454.39-3455.45,1.07,19.97,17.71,18.39,好
121,3455.45-3463.38,7.92,29.27,20.03,24.62,中
122,3463.38-3474.96,11.58,20.35,9.71,14.29,好
123,3474.96-3478.46,3.51,39.27,20.47,29.50,中
124,3478.46-3482.58,4.11,48.25,40.10,46.38,差
125,3482.58-3484.41,1.83,39.37,23.96,29.63,中
126,3484.41-3489.67,5.26,46.99,40.10,45.70,差
127,3489.67-3492.03,2.36,39.43,31.06,35.14,中
128,3492.03-3501.02,8.99,48.08,33.56,43.99,差
129,3501.02-3502.32,1.30,39.95,38.34,38.93,中
130,3502.32-3505.13,2.82,45.98,40.38,44.59,差
131,3505.13-3506.35,1.22,39.99,33.01,35.72,中
132,3506.35-3516.41,10.06,48.43,40.99,46.65,差
133,3516.41-3517.71,1.30,39.42,31.66,34.45,中
134,3517.71-3522.43,4.72,47.06,40.41,45.48,差
135,3522.43-3528.99,6.55,43.68,32.64,36.88,中
136,3528.99-3535.46,6.48,48.10,40.25,45.36,差
137,3535.46-3536.61,1.14,39.86,37.34,38.42,中
138,3536.61-3538.81,2.21,44.71,40.06,42.65,差
139,3538.81-3540.34,1.52,38.99,30.85,33.61,中
140,3540.34-3543.16,2.82,41.72,39.84,40.75,差
141,3543.16-3552.00,8.84,39.93,19.17,31.25,中
142,3552.00-3555.58,3.58,45.55,40.13,43.56,差
143,3555.58-3557.10,1.52,39.89,38.77,39.24,中
144,3557.10-3558.25,1.14,41.06,40.01,40.66,差
145,3558.25-3559.62,1.37,39.98,33.46,36.33,中
146,3559.62-3561.37,1.75,42.62,32.49,40.29,差
147,3561.37-3563.12,1.75,30.13,14.68,18.55,好
148,3563.12-3566.70,3.58,28.47,20.07,23.76,中
149,3566.70-3568.30,1.60,19.92,18.01,18.91,好
150,3568.30-3573.71,5.41,39.23,20.28,26.59,中
151,3573.71-3580.42,6.71,43.94,37.39,41.58,差
152,3580.42-3583.54,3.12,39.64,21.25,29.96,中
153,3583.54-3598.86,15.32,19.96,2.83,7.59,好
154,3598.86-3606.71,7.85,39.25,20.52,26.51,中
155,3606.71-3612.20,5.49,19.41,4.90,9.91,好
156,3612.20-3628.73,16.54,39.65,20.13,30.63,中
157,3628.73-3631.17,2.44,19.08,5.25,10.44,好
158,3631.17-3637.34,6.17,39.70,20.93,35.07,中
159,3637.34-3658.83,21.49,19.99,2.61,7.07,好
160,3658.83-3662.34,3.51,33.56,20.41,26.61,中
161,3662.34-3739.91,77.57,22.33,2.21,8.59,好
162,3739.91-3741.13,1.22,30.28,20.12,25.97,中
163,3741.13-3743.11,1.98,19.49,8.75,12.76,好
164,3743.11-3750.04,6.93,39.85,18.43,28.73,中
165,3750.04-3751.41,1.37,42.39,40.37,41.46,差
166,3751.41-3759.19,7.77,39.90,17.29,24.59,中
167,3759.19-3771.38,12.19,22.23,3.75,12.19,好
168,3771.38-3774.04,2.67,34.88,20.36,29.75,中
169,3774.04-3795.53,21.49,19.36,3.84,9.39,好
170,3795.53-3796.83,1.30,27.76,20.55,24.96,中
171,3796.83-3822.05,25.22,18.90,2.39,8.00,好
172,3822.05-3825.02,2.97,33.55,20.07,28.94,中
173,3825.02-3826.93,1.91,19.28,10.06,13.20,好
174,3826.93-3829.44,2.51,32.17,20.45,27.05,中
175,3829.44-3835.00,5.56,28.82,8.52,16.11,好
176,3835.00-3836.76,1.75,43.78,30.72,40.34,差
177,3836.76-3838.59,1.83,39.17,20.11,26.73,中
178,3838.59-3842.85,4.27,19.88,11.21,14.98,好
179,3842.85-3844.15,1.30,30.40,20.04,26.07,中
180,3844.15-3846.43,2.29,19.61,11.41,14.17,好
181,3846.43-3851.46,5.03,36.68,19.93,25.15,中
182,3851.46-3856.26,4.80,20.11,10.74,15.21,好
183,3856.26-3857.33,1.07,27.45,20.44,24.57,中
184,3857.33-3859.08,1.75,19.03,7.55,11.56,好
185,3859.08-3862.36,3.28,39.75,20.94,28.72,中
186,3862.36-3863.73,1.37,43.62,32.21,41.00,差
187,3863.73-3891.32,27.58,29.36,2.08,7.31,好
188,3891.32-3895.74,4.42,38.23,20.13,26.29,中
189,3895.74-3899.70,3.96,23.31,9.36,15.61,好
190,3899.70-3901.60,1.91,38.15,21.08,31.12,中
191,3901.60-3902.75,1.14,19.70,14.21,16.23,好
192,3902.75-3904.35,1.60,32.36,20.46,27.62,中
193,3904.35-3925.15,20.80,19.85,3.25,8.68,好
194,3925.15-3926.22,1.07,25.78,20.23,23.51,中
195,3926.22-3939.86,13.64,19.87,2.19,4.14,好
196,3939.86-3941.00,1.14,36.62,20.32,29.82,中
197,3941.00-3945.49,4.50,19.79,9.88,15.52,好
198,3945.49-3950.22,4.72,43.76,20.16,30.46,中
199,3950.22-3952.28,2.06,20.00,14.23,16.14,好
200,3952.28-3953.42,1.14,25.07,20.15,23.15,中
201,3953.42-3954.94,1.52,19.71,10.95,14.66,好
202,3954.94-3956.47,1.52,30.69,21.04,26.72,中
203,3956.47-3968.81,12.34,19.56,3.89,10.78,好
204,3968.81-3970.41,1.60,34.82,20.68,28.65,中
205,3970.41-3971.55,1.14,19.67,14.34,16.27,好
206,3971.55-3973.46,1.91,31.67,20.63,27.40,中
207,3973.46-3989.00,15.54,19.86,5.05,12.07,好
208,3989.00-3990.07,1.07,28.51,21.35,25.63,中
209,3990.07-4026.34,36.27,19.49,1.99,3.47,好
210,4026.34-4028.02,1.68,34.60,20.05,28.28,中
211,4028.02-4034.72,6.71,23.80,6.42,13.62,好
212,4034.72-4042.95,8.23,41.25,18.94,25.82,中
213,4042.95-4046.38,3.43,23.02,14.07,18.25,好
214,4046.38-4048.52,2.13,28.52,20.14,24.53,中
215,4048.52-4082.50,33.99,19.75,2.32,7.55,好
216,4082.50-4087.99,5.49,36.52,20.21,29.54,中
217,4087.99-4089.06,1.07,19.81,16.30,17.51,好
218,4089.06-4090.20,1.14,29.28,20.14,25.60,中
219,4090.20-4091.27,1.07,19.16,9.81,13.14,好
220,4091.27-4095.76,4.50,38.65,16.29,29.02,中
221,4095.76-4123.57,27.81,19.88,2.23,4.86,好
222,4123.57-4125.94,2.36,29.20,20.26,26.87,中
223,4125.94-4129.14,3.20,19.94,10.36,14.71,好
224,4129.14-4131.88,2.74,31.88,20.67,27.11,中
225,4131.88-4136.60,4.72,19.29,4.00,9.52,好
226,4136.60-4137.82,1.22,26.77,20.17,24.08,中
227,4137.82-4139.88,2.06,19.83,11.08,13.79,好
228,4139.88-4141.02,1.14,39.88,21.16,30.36,中
229,4141.02-4142.55,1.52,45.11,32.09,41.91,差
230,4142.55-4192.23,49.68,29.51,2.08,7.40,好
231,4192.23-4193.30,1.07,25.32,20.54,23.33,中
232,4193.30-4238.71,45.42,19.47,2.21,5.54,好
233,4238.71-4241.76,3.05,36.78,20.09,26.18,中
234,4241.76-4251.59,9.83,19.88,2.62,8.23,好
235,4251.59-4253.80,2.21,22.30,20.57,21.59,中
236,4253.80-4282.07,28.27,19.85,2.16,4.36,好
237,4282.07-4283.29,1.22,21.33,20.26,20.97,中
238,4283.29-4361.32,78.03,22.29,2.02,4.99,好
239,4361.32-4375.19,13.87,39.44,20.55,29.42,中
240,4375.19-4381.13,5.94,19.90,4.07,9.67,好
241,4381.13-4389.97,8.84,38.76,20.34,31.54,中
242,4389.97-4430.20,40.23,19.57,1.85,6.30,好
243,4430.20-4432.03,1.83,32.49,20.01,27.53,中
244,4432.03-4459.77,27.74,19.78,2.31,5.39,好
245,4459.77-4461.98,2.21,39.29,20.10,31.12,中
246,4461.98-4475.24,13.26,19.81,2.23,7.60,好
247,4475.24-4477.22,1.98,38.70,20.70,29.94,中
248,4477.22-4515.93,38.71,20.48,2.42,6.06,好
249,4515.93-4526.82,10.90,40.07,17.62,27.88,中
250,4526.82-4528.35,1.52,44.71,40.43,43.55,差
251,4528.35-4531.02,2.67,39.36,15.29,26.81,中
252,4531.02-4533.76,2.74,45.64,40.75,44.19,差
253,4533.76-4537.26,3.50,39.91,22.40,30.22,中
254,4537.26-4538.33,1.07,45.65,40.39,43.71,差
255,4538.33-4539.55,1.22,39.22,32.66,35.29,中
256,4539.55-4541.15,1.60,46.97,40.33,44.52,差
257,4541.15-4544.27,3.12,39.46,21.59,33.84,中
258,4544.27-4585.57,41.30,19.45,2.12,5.36,好
259,4585.57-4589.46,3.89,34.68,20.03,29.41,中
260,4589.46-4616.89,27.43,23.39,2.88,7.42,好
261,4616.89-4623.22,6.32,30.45,20.20,25.48,中
262,4623.22-4624.51,1.30,19.48,12.99,15.56,好
263,4624.51-4625.58,1.07,25.75,20.62,23.81,中
264,4625.58-4690.96,65.38,19.87,2.04,5.77,好
265,4690.96-4695.91,4.95,31.07,20.86,26.95,中
266,4695.91-4758.78,62.87,22.53,2.51,8.11,好
267,4758.78-4760.99,2.21,34.56,21.53,30.90,中
268,4760.99-4776.30,15.32,26.86,2.28,9.03,好
269,4776.30-4780.65,4.34,24.40,20.59,23.15,中
270,4780.65-4836.20,55.55,21.07,1.99,4.99,好
271,4836.20-4837.42,1.22,24.96,20.29,23.08,中
272,4837.42-4838.63,1.22,19.76,16.13,17.51,好
273,4838.63-4848.92,10.29,37.29,19.20,25.70,中
274,4848.92-4861.80,12.88,20.48,2.32,11.36,好
275,4861.80-4863.02,1.22,31.16,20.79,26.85,中
276,4863.02-4865.69,2.67,19.40,11.08,13.79,好
277,4865.69-4870.71,5.03,42.84,20.33,29.60,中
278,4870.71-4874.45,3.73,24.46,5.51,13.89,好
279,4874.45-4879.02,4.57,32.04,19.61,24.32,中
280,4879.02-4974.12,95.10,21.92,2.00,6.01,好
281,4974.12-4975.26,1.14,28.48,20.49,25.18,中
282,4975.26-4978.84,3.58,19.73,14.16,17.79,好
283,4978.84-4980.14,1.29,25.39,20.02,23.04,中
284,4980.14-4981.36,1.22,19.96,16.56,17.67,好
285,4981.36-4985.09,3.73,37.09,20.54,28.40,中
286,4985.09-4989.28,4.19,19.29,6.57,13.03,好
287,4989.28-4991.57,2.29,29.58,20.01,25.76,中
288,4991.57-4995.00,3.43,19.96,14.21,15.76,好
289,4995.00-4996.37,1.37,28.77,20.09,25.48,中
290,4996.37-5000.79,4.42,18.73,7.24,12.75,好
291,5000.79-5005.82,5.03,27.61,18.64,22.29,中
292,5005.82-5071.12,65.30,20.17,1.88,5.92,好
293,5071.12-5072.80,1.68,28.68,20.26,25.00,中
294,5072.80-5158.75,85.95,23.08,1.99,5.45,好
295,5158.75-5162.10,3.35,31.90,20.78,24.96,中
296,5162.10-5191.97,29.87,19.92,1.96,5.75,好
297,5191.97-5196.77,4.80,32.58,20.51,27.67,中
298,5196.77-5204.17,7.39,19.71,2.55,6.42,好
299,5204.17-5207.14,2.97,27.94,19.28,23.13,中
300,5207.14-5218.72,11.58,19.99,2.30,6.29,好
301,5218.72-5220.47,1.75,39.67,20.87,31.38,中
302,5220.47-5238.99,18.52,24.23,2.04,6.39,好
303,5238.99-5244.17,5.18,36.43,20.30,28.69,中
304,5244.17-5250.65,6.48,23.35,3.26,10.85,好
305,5250.65-5253.39,2.74,30.08,21.01,25.87,中
306,5253.39-5270.08,16.69,19.97,2.39,7.64,好
307,5270.08-5272.29,2.21,26.19,20.48,24.05,中
308,5272.29-5295.76,23.47,19.99,2.03,10.48,好
309,5295.76-5296.90,1.14,24.81,20.03,22.95,中
310,5296.90-5306.05,9.14,23.43,3.70,10.65,好
311,5306.05-5307.95,1.90,31.20,20.89,27.36,中
312,5307.95-5339.95,32.00,19.83,2.11,7.69,好
313,5339.95-5341.17,1.22,27.93,20.91,25.23,中
314,5341.17-5395.96,54.79,19.47,2.08,4.80,好
315,5395.96-5397.49,1.52,27.43,20.04,24.78,中
316,5397.49-5418.21,20.73,19.82,1.95,9.11,好
317,5418.21-5419.35,1.14,23.54,20.03,21.80,中
318,5419.35-5421.18,1.83,19.67,5.53,10.46,好
319,5421.18-5422.94,1.75,34.07,20.82,28.13,中
320,5422.94-5507.14,84.20,19.96,2.28,7.30,好
321,5507.14-5511.94,4.80,33.12,20.54,26.63,中
322,5511.94-5537.92,25.98,19.65,2.67,9.62,好
323,5537.92-5545.85,7.92,40.87,20.32,37.24,中
324,5545.85-5548.06,2.21,45.45,40.31,43.66,差
325,5548.06-5550.27,2.21,39.95,27.80,32.22,中
326,5550.27-5552.78,2.51,46.87,40.10,44.70,差
327,5552.78-5564.21,11.43,42.23,14.14,33.09,中
328,5564.21-5566.04,1.83,46.50,40.41,44.26,差
329,5566.04-5575.56,9.52,40.43,16.75,29.94,中
330,5575.56-5576.71,1.14,19.44,13.65,15.84,好
331,5576.71-5577.77,1.07,29.34,20.12,25.56,中
332,5577.77-5587.99,10.21,19.67,2.15,4.73,好
333,5587.99-5592.33,4.34,27.16,20.22,24.90,中
334,5592.33-5598.35,6.02,19.85,5.92,13.77,好
335,5598.35-5599.95,1.60,25.70,20.12,23.03,中
336,5599.95-5652.30,52.35,25.50,2.32,8.29,好
337,5652.30-5655.42,3.12,31.03,20.59,25.95,中
338,5655.42-5707.09,51.66,19.56,2.40,7.15,好
339,5707.09-5708.69,1.60,23.46,20.87,22.09,中
340,5708.69-5729.49,20.80,19.89,3.18,8.60,好
341,5729.49-5732.00,2.51,38.97,20.73,32.69,中
342,5732.00-5734.21,2.21,19.56,14.10,15.96,好
343,5734.21-5735.97,1.75,34.97,20.65,30.03,中
344,5735.97-5751.36,15.39,22.30,6.88,12.50,好
345,5751.36-5760.88,9.52,38.81,17.36,27.78,中
346,5760.88-5791.00,30.12,19.27,6.25,11.83,好
