解释序号,井段,厚度,最大声幅,最小声幅,平均声幅,结论
单位,(米),(米),,,,
1,13.00-1420.64,1407.64,94.83,32.45,66.28,差
2,1420.64-1421.94,1.30,40.28,34.48,37.08,中
3,1421.94-1427.42,5.49,45.13,38.36,42.54,差
4,1427.42-1457.22,29.79,41.15,20.17,29.68,中
5,1457.22-1461.64,4.42,20.44,15.72,18.11,好
6,1461.64-1464.00,2.36,27.05,19.94,23.05,中
7,1464.00-1494.63,30.63,20.65,10.37,15.03,好
8,1494.63-1506.14,11.51,32.67,16.11,23.38,中
9,1506.14-1509.19,3.05,26.80,16.61,19.56,好
10,1509.19-1513.53,4.34,39.60,19.31,31.04,中
11,1513.53-1514.98,1.45,43.12,39.60,41.88,差
12,1514.98-1517.11,2.13,40.83,20.97,34.14,中
13,1517.11-1521.91,4.80,20.97,13.11,16.04,好
14,1521.91-1523.21,1.30,24.66,19.10,22.34,中
15,1523.21-1537.46,14.25,25.41,9.21,14.34,好
16,1537.46-1551.71,14.25,41.71,18.22,28.84,中
17,1551.71-1559.33,7.62,69.51,23.51,49.94,差
18,1559.33-1562.60,3.28,40.60,22.48,31.23,中
19,1562.60-1575.79,13.18,55.70,38.76,49.61,差
20,1575.79-1580.59,4.80,43.71,32.05,38.53,中
21,1580.59-1582.03,1.45,42.47,39.58,41.09,差
22,1582.03-1596.89,14.86,40.15,26.86,32.98,中
23,1596.89-1604.36,7.47,59.64,31.80,45.45,差
24,1604.36-1608.25,3.89,31.80,15.42,18.51,好
25,1608.25-1609.85,1.60,38.62,18.73,29.35,中
26,1609.85-1615.71,5.87,65.19,29.58,51.80,差
27,1615.71-1620.52,4.80,40.77,19.50,31.92,中
28,1620.52-1644.82,24.31,57.59,35.71,46.19,差
29,1644.82-1648.02,3.20,40.29,23.46,32.08,中
30,1648.02-1652.44,4.42,61.79,28.16,48.94,差
31,1652.44-1658.31,5.87,45.16,23.33,36.22,中
32,1658.31-1660.14,1.83,67.60,37.89,56.96,差
33,1660.14-1661.66,1.52,40.04,21.73,29.82,中
34,1661.66-1668.52,6.86,21.73,13.46,16.43,好
35,1668.52-1686.28,17.75,41.06,14.56,29.61,中
36,1686.28-1687.80,1.52,22.01,11.49,14.83,好
37,1687.80-1694.58,6.78,40.90,13.56,30.07,中
38,1694.58-1697.10,2.51,44.81,37.69,43.50,差
39,1697.10-1706.01,8.92,40.64,21.23,35.19,中
40,1706.01-1707.23,1.22,21.23,13.28,15.65,好
41,1707.23-1708.83,1.60,35.28,18.64,28.18,中
42,1708.83-1710.74,1.91,20.35,16.42,18.19,好
43,1710.74-1723.16,12.42,39.28,17.27,26.24,中
44,1723.16-1729.94,6.78,68.94,39.28,57.00,差
45,1729.94-1732.76,2.82,40.85,30.97,36.08,中
46,1732.76-1735.42,2.67,43.02,39.60,42.17,差
47,1735.42-1744.87,9.45,40.70,13.16,23.82,中
48,1744.87-1748.91,4.04,20.39,6.86,12.32,好
49,1748.91-1750.28,1.37,27.76,19.75,24.44,中
50,1750.28-1755.54,5.26,25.29,8.75,14.29,好
51,1755.54-1757.29,1.75,30.80,18.66,26.31,中
52,1757.29-1762.78,5.49,21.99,5.76,11.62,好
53,1762.78-1764.30,1.52,22.86,19.60,21.72,中
54,1764.30-1765.83,1.52,20.09,11.44,14.91,好
55,1765.83-1771.09,5.26,39.77,19.39,31.09,中
56,1771.09-1775.43,4.34,53.41,31.88,45.06,差
57,1775.43-1791.97,16.54,42.27,17.07,27.57,中
58,1791.97-1793.03,1.07,20.53,12.13,15.17,好
59,1793.03-1794.71,1.68,39.87,18.65,30.76,中
60,1794.71-1797.68,2.97,49.74,39.87,44.79,差
61,1797.68-1803.01,5.33,40.12,20.64,32.03,中
62,1803.01-1804.92,1.90,20.64,13.16,16.78,好
63,1804.92-1812.39,7.47,36.03,19.41,29.55,中
64,1812.39-1816.43,4.04,22.13,12.65,18.07,好
65,1816.43-1825.49,9.07,36.44,16.33,24.04,中
66,1825.49-1836.24,10.74,21.39,8.56,12.43,好
67,1836.24-1839.82,3.58,32.44,18.37,25.03,中
68,1839.82-1842.71,2.90,20.46,17.16,18.53,好
69,1842.71-1851.78,9.07,39.71,17.28,28.42,中
70,1851.78-1853.99,2.21,48.40,39.71,44.67,差
71,1853.99-1855.21,1.22,40.38,38.14,38.98,中
72,1855.21-1859.33,4.11,43.12,33.48,41.80,差
73,1859.33-1861.08,1.75,33.48,12.15,19.81,好
74,1861.08-1868.85,7.77,58.72,29.91,48.24,差
75,1868.85-1870.76,1.91,40.26,20.53,33.87,中
76,1870.76-1873.12,2.36,20.53,13.47,16.54,好
77,1873.12-1882.03,8.92,31.19,19.86,24.40,中
78,1882.03-1883.48,1.45,20.49,16.51,17.88,好
79,1883.48-1888.36,4.88,27.20,19.45,23.29,中
80,1888.36-1893.62,5.26,20.13,11.91,13.56,好
81,1893.62-1914.95,21.34,43.20,19.34,30.63,中
82,1914.95-1916.32,1.37,21.15,15.23,17.25,好
83,1916.32-1921.58,5.26,39.81,19.60,31.57,中
84,1921.58-1923.03,1.45,44.30,39.81,42.61,差
85,1923.03-1924.10,1.07,40.62,37.85,38.79,中
86,1924.10-1926.31,2.21,44.33,32.77,41.93,差
87,1926.31-1928.36,2.06,32.77,14.19,19.77,好
88,1928.36-1930.27,1.91,43.99,28.79,38.95,差
89,1930.27-1932.10,1.83,31.58,13.86,19.60,好
90,1932.10-1935.98,3.89,46.55,27.24,43.58,差
91,1935.98-1940.86,4.88,40.32,17.49,24.73,中
92,1940.86-1947.95,7.09,24.30,6.99,12.83,好
93,1947.95-1953.36,5.41,39.55,19.67,27.06,中
94,1953.36-1954.58,1.22,20.65,16.44,17.78,好
95,1954.58-1956.56,1.98,27.45,19.86,23.46,中
96,1956.56-1962.12,5.56,27.03,12.32,18.45,好
97,1962.12-1970.88,8.76,69.46,27.03,48.52,差
98,1970.88-1972.56,1.68,41.97,18.84,27.54,中
99,1972.56-1982.16,9.60,63.67,32.44,54.45,差
100,1982.16-1983.91,1.75,32.44,17.00,20.47,好
101,1983.91-1991.23,7.32,32.31,19.77,25.66,中
102,1991.23-1999.31,8.08,25.04,13.54,17.47,好
103,1999.31-2001.90,2.59,22.67,19.74,21.43,中
104,2001.90-2005.33,3.43,21.91,13.78,16.51,好
105,2005.33-2006.39,1.07,26.70,19.98,23.99,中
106,2006.39-2008.30,1.90,21.01,15.87,17.32,好
107,2008.30-2009.36,1.07,21.68,19.59,20.88,中
108,2009.36-2011.19,1.83,20.03,16.31,18.00,好
109,2011.19-2017.59,6.40,39.49,19.51,28.92,中
110,2017.59-2019.27,1.68,52.70,39.49,46.91,差
111,2019.27-2021.40,2.13,40.48,30.65,35.73,中
112,2021.40-2025.90,4.50,46.12,39.58,43.71,差
113,2025.90-2026.97,1.07,40.53,21.34,32.32,中
114,2026.97-2028.64,1.68,27.89,15.34,18.77,好
115,2028.64-2030.47,1.83,43.42,27.89,39.79,差
116,2030.47-2036.26,5.79,40.34,20.09,28.58,中
117,2036.26-2040.83,4.57,25.78,9.98,14.04,好
118,2040.83-2044.80,3.96,48.39,25.78,44.52,差
119,2044.80-2046.24,1.45,40.09,20.61,30.14,中
120,2046.24-2051.12,4.88,26.37,14.04,16.90,好
121,2051.12-2055.62,4.50,48.55,26.37,43.78,差
122,2055.62-2060.04,4.42,40.32,20.13,31.07,中
123,2060.04-2062.93,2.90,20.13,11.36,15.00,好
124,2062.93-2064.69,1.75,39.49,19.71,26.24,中
125,2064.69-2067.43,2.74,45.67,33.65,42.60,差
126,2067.43-2075.12,7.70,33.65,8.82,14.32,好
127,2075.12-2083.51,8.38,41.23,19.00,29.65,中
128,2083.51-2086.63,3.12,20.16,16.56,18.12,好
129,2086.63-2091.20,4.57,44.91,19.51,33.49,中
130,2091.20-2092.88,1.68,20.42,16.86,18.01,好
131,2092.88-2096.08,3.20,42.15,19.92,29.61,中
132,2096.08-2101.95,5.87,50.68,36.54,43.84,差
133,2101.95-2105.91,3.96,41.17,21.38,29.80,中
134,2105.91-2108.50,2.59,23.48,11.49,17.48,好
135,2108.50-2111.24,2.74,41.18,19.14,32.62,中
136,2111.24-2112.61,1.37,46.40,39.51,44.00,差
137,2112.61-2116.81,4.19,41.13,20.29,29.16,中
138,2116.81-2199.18,82.37,25.27,6.54,11.67,好
139,2199.18-2205.12,5.94,25.36,19.97,22.39,中
140,2205.12-2207.56,2.44,20.64,12.64,14.89,好
141,2207.56-2216.70,9.14,37.67,19.03,30.45,中
142,2216.70-2219.52,2.82,20.78,14.12,16.29,好
143,2219.52-2223.87,4.34,28.63,19.83,23.16,中
144,2223.87-2230.57,6.71,20.48,10.65,15.65,好
145,2230.57-2236.14,5.56,25.32,19.85,22.16,中
146,2236.14-2239.56,3.43,20.56,17.10,18.70,好
147,2239.56-2250.84,11.28,41.95,18.67,26.33,中
148,2250.84-2252.21,1.37,21.12,16.99,18.26,好
149,2252.21-2261.51,9.30,43.01,19.39,31.11,中
150,2261.51-2263.34,1.83,29.39,16.64,19.67,好
151,2263.34-2265.01,1.68,40.50,29.39,38.73,差
152,2265.01-2273.63,8.61,40.06,20.32,26.12,中
153,2273.63-2285.67,12.04,20.82,8.80,12.77,好
154,2285.67-2286.96,1.30,25.49,19.99,22.86,中
155,2286.96-2288.10,1.14,20.99,15.96,17.72,好
156,2288.10-2292.29,4.19,36.75,19.64,31.76,中
157,2292.29-2323.61,31.32,22.40,5.23,9.43,好
158,2323.61-2325.97,2.36,35.65,18.85,28.77,中
159,2325.97-2349.75,23.77,20.52,5.20,11.05,好
160,2349.75-2356.68,6.93,43.32,16.57,24.54,中
161,2356.68-2363.66,6.98,20.35,4.95,9.49,好
162,2363.66-2365.03,1.37,30.45,20.02,26.25,中
163,2365.03-2370.52,5.49,19.59,5.14,11.82,好
164,2370.52-2382.18,11.66,39.45,16.88,27.27,中
165,2382.18-2397.11,14.94,19.85,5.00,8.84,好
166,2397.11-2403.28,6.17,26.97,19.15,23.32,中
167,2403.28-2410.14,6.86,19.95,9.03,13.41,好
168,2410.14-2417.23,7.09,26.95,19.40,23.28,中
169,2417.23-2422.56,5.33,19.99,10.81,15.21,好
170,2422.56-2429.34,6.78,27.47,20.25,25.40,中
171,2429.34-2453.27,23.93,20.65,4.13,9.96,好
172,2453.27-2456.32,3.05,27.52,20.66,25.16,中
173,2456.32-2457.61,1.30,19.67,13.38,15.89,好
174,2457.61-2459.67,2.06,24.22,19.96,21.88,中
175,2459.67-2461.42,1.75,19.99,16.60,18.23,好
176,2461.42-2462.95,1.52,22.81,20.40,21.99,中
177,2462.95-2509.73,46.79,19.97,4.17,6.61,好
178,2509.73-2511.49,1.75,22.94,20.41,22.27,中
179,2511.49-2513.47,1.98,19.72,12.60,14.86,好
180,2513.47-2514.76,1.30,23.72,20.27,22.24,中
181,2514.76-2516.52,1.75,19.98,12.50,16.03,好
182,2516.52-2518.65,2.13,32.40,20.39,27.77,中
183,2518.65-2528.86,10.21,19.93,4.81,8.76,好
184,2528.86-2531.30,2.44,29.73,20.11,24.35,中
185,2531.30-2545.85,14.55,21.71,6.18,13.41,好
186,2545.85-2547.53,1.68,36.70,20.16,29.41,中
187,2547.53-2565.28,17.75,27.73,8.23,15.53,好
188,2565.28-2568.33,3.05,52.14,29.74,46.30,差
189,2568.33-2572.68,4.34,40.17,20.24,32.24,中
190,2572.68-2578.31,5.64,19.75,13.71,15.92,好
191,2578.31-2583.72,5.41,36.23,20.15,29.20,中
192,2583.72-2592.49,8.76,20.00,10.49,15.04,好
193,2592.49-2607.19,14.71,31.38,18.07,24.75,中
194,2607.19-2609.48,2.29,19.98,11.98,16.28,好
195,2609.48-2612.91,3.43,34.27,20.63,26.77,中
196,2612.91-2620.83,7.92,19.98,5.17,9.52,好
197,2620.83-2622.36,1.52,39.95,20.94,31.41,中
198,2622.36-2624.03,1.68,47.46,40.48,44.70,差
199,2624.03-2629.67,5.64,38.81,20.60,29.08,中
200,2629.67-2636.53,6.86,20.77,15.04,17.72,好
201,2636.53-2670.90,34.37,39.91,18.15,27.48,中
202,2670.90-2672.42,1.52,19.71,18.27,18.99,好
203,2672.42-2673.95,1.52,22.23,20.07,21.45,中
204,2673.95-2677.53,3.58,22.30,14.47,17.83,好
205,2677.53-2678.82,1.30,21.35,20.00,20.52,中
206,2678.82-2681.11,2.29,19.99,18.09,19.32,好
207,2681.11-2738.56,57.45,44.46,18.27,31.50,中
208,2738.56-2743.52,4.95,52.00,36.99,43.55,差
209,2743.52-2744.66,1.14,38.85,27.27,31.87,中
210,2744.66-2747.40,2.74,46.48,40.08,44.84,差
211,2747.40-2753.19,5.79,42.47,34.82,37.99,中
212,2753.19-2757.99,4.80,47.28,32.37,42.21,差
213,2757.99-2759.59,1.60,39.58,34.71,36.68,中
214,2759.59-2763.40,3.81,46.92,40.11,44.40,差
215,2763.40-2778.49,15.09,41.34,22.05,32.06,中
216,2778.49-2779.94,1.45,42.17,40.45,41.68,差
217,2779.94-2794.72,14.78,42.21,22.43,35.21,中
218,2794.72-2797.16,2.44,44.23,40.29,41.80,差
219,2797.16-2826.42,29.26,40.75,18.39,29.33,中
220,2826.42-2828.10,1.68,19.86,14.34,16.46,好
221,2828.10-2829.77,1.68,29.92,20.32,25.59,中
222,2829.77-2831.30,1.52,19.77,13.94,17.35,好
223,2831.30-2836.25,4.95,44.55,20.86,36.29,中
224,2836.25-2839.22,2.97,45.87,40.19,43.10,差
225,2839.22-2857.28,18.06,39.30,17.20,27.57,中
226,2857.28-2860.18,2.90,47.01,40.34,42.78,差
227,2860.18-2864.22,4.04,39.74,21.70,29.61,中
228,2864.22-2866.12,1.91,45.06,40.09,43.07,差
229,2866.12-2868.33,2.21,39.47,26.52,33.04,中
230,2868.33-2876.33,8.00,50.30,40.10,45.50,差
231,2876.33-2879.08,2.74,39.42,27.46,31.98,中
232,2879.08-2880.83,1.75,43.84,40.00,42.39,差
233,2880.83-2894.93,14.10,42.31,21.12,34.45,中
234,2894.93-2897.36,2.44,41.64,40.03,41.15,差
235,2897.36-2898.51,1.14,39.80,37.58,38.57,中
236,2898.51-2899.95,1.45,43.29,40.10,41.38,差
237,2899.95-2907.73,7.77,39.98,21.56,33.96,中
238,2907.73-2911.00,3.28,48.04,40.09,44.68,差
239,2911.00-2912.45,1.45,39.95,28.61,32.96,中
240,2912.45-2916.03,3.58,47.83,40.55,45.00,差
241,2916.03-2921.44,5.41,39.97,20.69,31.26,中
242,2921.44-2923.20,1.75,19.98,14.72,17.03,好
243,2923.20-2930.89,7.70,44.43,17.89,31.01,中
244,2930.89-2932.80,1.91,44.66,40.25,42.81,差
245,2932.80-2937.29,4.50,39.15,20.27,29.54,中
246,2937.29-2941.18,3.89,26.60,15.20,20.26,好
247,2941.18-2944.76,3.58,26.55,20.15,23.44,中
248,2944.76-2947.05,2.29,19.43,14.80,16.95,好
249,2947.05-2948.72,1.68,30.98,20.69,26.80,中
250,2948.72-2952.30,3.58,19.96,7.96,12.10,好
251,2952.30-2955.35,3.05,29.02,20.11,25.62,中
252,2955.35-2959.62,4.27,20.61,15.10,19.03,好
253,2959.62-2988.50,28.88,30.15,20.02,24.62,中
254,2988.50-2990.48,1.98,19.70,17.00,18.27,好
255,2990.48-2991.55,1.07,22.86,20.06,21.65,中
256,2991.55-3014.33,22.78,21.86,8.38,15.46,好
257,3014.33-3016.54,2.21,22.45,20.09,21.61,中
258,3016.54-3036.58,20.04,21.60,3.87,15.43,好
259,3036.58-3037.88,1.30,21.27,20.07,20.83,中
260,3037.88-3059.67,21.79,20.12,6.61,11.10,好
261,3059.67-3061.42,1.75,26.02,20.02,23.02,中
262,3061.42-3329.57,268.15,21.37,2.28,7.76,好
263,3329.57-3336.20,6.63,31.62,20.39,26.59,中
264,3336.20-3337.95,1.75,19.64,11.23,15.09,好
265,3337.95-3346.11,8.15,28.82,20.31,26.59,中
266,3346.11-3349.31,3.20,19.81,4.73,10.70,好
267,3349.31-3359.36,10.06,41.21,20.21,29.94,中
268,3359.36-3360.51,1.14,19.94,16.32,17.85,好
269,3360.51-3365.46,4.95,31.89,20.12,26.19,中
270,3365.46-3373.69,8.23,19.76,4.42,9.44,好
271,3373.69-3376.36,2.67,25.78,20.01,23.26,中
272,3376.36-3382.99,6.63,19.90,6.19,11.39,好
273,3382.99-3386.42,3.43,25.84,20.02,23.47,中
274,3386.42-3387.63,1.22,19.88,19.17,19.43,好
275,3387.63-3404.25,16.61,34.44,16.39,26.63,中
276,3404.25-3405.92,1.68,19.76,12.94,16.38,好
277,3405.92-3454.39,48.46,42.66,16.72,27.46,中
278,3454.39-3455.45,1.07,19.97,17.71,18.39,好
279,3455.45-3463.38,7.92,29.27,20.03,24.62,中
280,3463.38-3474.96,11.58,20.35,9.71,14.29,好
281,3474.96-3478.46,3.51,39.27,20.47,29.50,中
282,3478.46-3482.58,4.11,48.25,40.10,46.38,差
283,3482.58-3484.41,1.83,39.37,23.96,29.63,中
284,3484.41-3489.67,5.26,46.99,40.10,45.70,差
285,3489.67-3492.03,2.36,39.43,31.06,35.14,中
286,3492.03-3501.02,8.99,48.08,33.56,43.99,差
287,3501.02-3502.32,1.30,39.95,38.34,38.93,中
288,3502.32-3505.13,2.82,45.98,40.38,44.59,差
289,3505.13-3506.35,1.22,39.99,33.01,35.72,中
290,3506.35-3516.41,10.06,48.43,40.99,46.65,差
291,3516.41-3517.71,1.30,39.42,31.66,34.45,中
292,3517.71-3522.43,4.72,47.06,40.41,45.48,差
293,3522.43-3528.99,6.55,43.68,32.64,36.88,中
294,3528.99-3535.46,6.48,48.10,40.25,45.36,差
295,3535.46-3536.61,1.14,39.86,37.34,38.42,中
296,3536.61-3538.81,2.21,44.71,40.06,42.65,差
297,3538.81-3540.34,1.52,38.99,30.85,33.61,中
298,3540.34-3543.16,2.82,41.72,39.84,40.75,差
299,3543.16-3552.00,8.84,39.93,19.17,31.25,中
300,3552.00-3555.58,3.58,45.55,40.13,43.56,差
301,3555.58-3557.10,1.52,39.89,38.77,39.24,中
302,3557.10-3558.25,1.14,41.06,40.01,40.66,差
303,3558.25-3559.62,1.37,39.98,33.46,36.33,中
304,3559.62-3561.37,1.75,42.62,32.49,40.29,差
305,3561.37-3563.12,1.75,30.13,14.68,18.55,好
306,3563.12-3566.70,3.58,28.47,20.07,23.76,中
307,3566.70-3568.30,1.60,19.92,18.01,18.91,好
308,3568.30-3573.71,5.41,39.23,20.28,26.59,中
309,3573.71-3580.42,6.71,43.94,37.39,41.58,差
310,3580.42-3583.54,3.12,39.64,21.25,29.96,中
311,3583.54-3598.86,15.32,19.96,2.83,7.59,好
312,3598.86-3606.71,7.85,39.25,20.52,26.51,中
313,3606.71-3612.20,5.49,19.41,4.90,9.91,好
314,3612.20-3628.73,16.54,39.65,20.13,30.63,中
315,3628.73-3631.17,2.44,19.08,5.25,10.44,好
316,3631.17-3637.34,6.17,39.70,20.93,35.07,中
317,3637.34-3658.83,21.49,19.99,2.61,7.07,好
318,3658.83-3662.34,3.51,33.56,20.41,26.61,中
319,3662.34-3739.91,77.57,22.33,2.21,8.59,好
320,3739.91-3741.13,1.22,30.28,20.12,25.97,中
321,3741.13-3743.11,1.98,19.49,8.75,12.76,好
322,3743.11-3750.04,6.93,39.85,18.43,28.73,中
323,3750.04-3751.41,1.37,42.39,40.37,41.46,差
324,3751.41-3759.19,7.77,39.90,17.29,24.59,中
325,3759.19-3771.38,12.19,22.23,3.75,12.19,好
326,3771.38-3774.04,2.67,34.88,20.36,29.75,中
327,3774.04-3795.53,21.49,19.36,3.84,9.39,好
328,3795.53-3796.83,1.30,27.76,20.55,24.96,中
329,3796.83-3822.05,25.22,18.90,2.39,8.00,好
330,3822.05-3825.02,2.97,33.55,20.07,28.94,中
331,3825.02-3826.93,1.91,19.28,10.06,13.20,好
332,3826.93-3829.44,2.51,32.17,20.45,27.05,中
333,3829.44-3835.00,5.56,28.82,8.52,16.11,好
334,3835.00-3836.76,1.75,43.78,30.72,40.34,差
335,3836.76-3838.59,1.83,39.17,20.11,26.73,中
336,3838.59-3842.85,4.27,19.88,11.21,14.98,好
337,3842.85-3844.15,1.30,30.40,20.04,26.07,中
338,3844.15-3846.43,2.29,19.61,11.41,14.17,好
339,3846.43-3851.46,5.03,36.68,19.93,25.15,中
340,3851.46-3856.26,4.80,20.11,10.74,15.21,好
341,3856.26-3857.33,1.07,27.45,20.44,24.57,中
342,3857.33-3859.08,1.75,19.03,7.55,11.56,好
343,3859.08-3862.36,3.28,39.75,20.94,28.72,中
344,3862.36-3863.73,1.37,43.62,32.21,41.00,差
345,3863.73-3891.32,27.58,29.36,2.08,7.31,好
346,3891.32-3895.74,4.42,38.23,20.13,26.29,中
347,3895.74-3899.70,3.96,23.31,9.36,15.61,好
348,3899.70-3901.60,1.91,38.15,21.08,31.12,中
349,3901.60-3902.75,1.14,19.70,14.21,16.23,好
350,3902.75-3904.35,1.60,32.36,20.46,27.62,中
351,3904.35-3925.15,20.80,19.85,3.25,8.68,好
352,3925.15-3926.22,1.07,25.78,20.23,23.51,中
353,3926.22-3939.86,13.64,19.87,2.19,4.14,好
354,3939.86-3941.00,1.14,36.62,20.32,29.82,中
355,3941.00-3945.49,4.50,19.79,9.88,15.52,好
356,3945.49-3950.22,4.72,43.76,20.16,30.46,中
357,3950.22-3952.28,2.06,20.00,14.23,16.14,好
358,3952.28-3953.42,1.14,25.07,20.15,23.15,中
359,3953.42-3954.94,1.52,19.71,10.95,14.66,好
360,3954.94-3956.47,1.52,30.69,21.04,26.72,中
361,3956.47-3968.81,12.34,19.56,3.89,10.78,好
362,3968.81-3970.41,1.60,34.82,20.68,28.65,中
363,3970.41-3971.55,1.14,19.67,14.34,16.27,好
364,3971.55-3973.46,1.91,31.67,20.63,27.40,中
365,3973.46-3989.00,15.54,19.86,5.05,12.07,好
366,3989.00-3990.07,1.07,28.51,21.35,25.63,中
367,3990.07-4026.34,36.27,19.49,1.99,3.47,好
368,4026.34-4028.02,1.68,34.60,20.05,28.28,中
369,4028.02-4034.72,6.71,23.80,6.42,13.62,好
370,4034.72-4042.95,8.23,41.25,18.94,25.82,中
371,4042.95-4046.38,3.43,23.02,14.07,18.25,好
372,4046.38-4048.52,2.13,28.52,20.14,24.53,中
373,4048.52-4082.50,33.99,19.75,2.32,7.55,好
374,4082.50-4087.99,5.49,36.52,20.21,29.54,中
375,4087.99-4089.06,1.07,19.81,16.30,17.51,好
376,4089.06-4090.20,1.14,29.28,20.14,25.60,中
377,4090.20-4091.27,1.07,19.16,9.81,13.14,好
378,4091.27-4095.76,4.50,38.65,16.29,29.02,中
379,4095.76-4123.57,27.81,19.88,2.23,4.86,好
380,4123.57-4125.94,2.36,29.20,20.26,26.87,中
381,4125.94-4129.14,3.20,19.94,10.36,14.71,好
382,4129.14-4131.88,2.74,31.88,20.67,27.11,中
383,4131.88-4136.60,4.72,19.29,4.00,9.52,好
384,4136.60-4137.82,1.22,26.77,20.17,24.08,中
385,4137.82-4139.88,2.06,19.83,11.08,13.79,好
386,4139.88-4141.02,1.14,39.88,21.16,30.36,中
387,4141.02-4142.55,1.52,45.11,32.09,41.91,差
388,4142.55-4192.23,49.68,29.51,2.08,7.40,好
389,4192.23-4193.30,1.07,25.32,20.54,23.33,中
390,4193.30-4238.71,45.42,19.47,2.21,5.54,好
391,4238.71-4241.76,3.05,36.78,20.09,26.18,中
392,4241.76-4251.59,9.83,19.88,2.62,8.23,好
393,4251.59-4253.80,2.21,22.30,20.57,21.59,中
394,4253.80-4282.07,28.27,19.85,2.16,4.36,好
395,4282.07-4283.29,1.22,21.33,20.26,20.97,中
396,4283.29-4361.32,78.03,22.29,2.02,4.99,好
397,4361.32-4375.19,13.87,39.44,20.55,29.42,中
398,4375.19-4381.13,5.94,19.90,4.07,9.67,好
399,4381.13-4389.97,8.84,38.76,20.34,31.54,中
400,4389.97-4430.20,40.23,19.57,1.85,6.30,好
401,4430.20-4432.03,1.83,32.49,20.01,27.53,中
402,4432.03-4459.77,27.74,19.78,2.31,5.39,好
403,4459.77-4461.98,2.21,39.29,20.10,31.12,中
404,4461.98-4475.24,13.26,19.81,2.23,7.60,好
405,4475.24-4477.22,1.98,38.70,20.70,29.94,中
406,4477.22-4515.93,38.71,20.48,2.42,6.06,好
407,4515.93-4526.82,10.90,40.07,17.62,27.88,中
408,4526.82-4528.35,1.52,44.71,40.43,43.55,差
409,4528.35-4531.02,2.67,39.36,15.29,26.81,中
410,4531.02-4533.76,2.74,45.64,40.75,44.19,差
411,4533.76-4537.26,3.50,39.91,22.40,30.22,中
412,4537.26-4538.33,1.07,45.65,40.39,43.71,差
413,4538.33-4539.55,1.22,39.22,32.66,35.29,中
414,4539.55-4541.15,1.60,46.97,40.33,44.52,差
415,4541.15-4544.27,3.12,39.46,21.59,33.84,中
416,4544.27-4585.57,41.30,19.45,2.12,5.36,好
417,4585.57-4589.46,3.89,34.68,20.03,29.41,中
418,4589.46-4616.89,27.43,23.39,2.88,7.42,好
419,4616.89-4623.22,6.32,30.45,20.20,25.48,中
420,4623.22-4624.51,1.30,19.48,12.99,15.56,好
421,4624.51-4625.58,1.07,25.75,20.62,23.81,中
422,4625.58-4690.96,65.38,19.87,2.04,5.77,好
423,4690.96-4695.91,4.95,31.07,20.86,26.95,中
424,4695.91-4758.78,62.87,22.53,2.51,8.11,好
425,4758.78-4760.99,2.21,34.56,21.53,30.90,中
426,4760.99-4776.30,15.32,26.86,2.28,9.03,好
427,4776.30-4780.65,4.34,24.40,20.59,23.15,中
428,4780.65-4836.20,55.55,21.07,1.99,4.99,好
429,4836.20-4837.42,1.22,24.96,20.29,23.08,中
430,4837.42-4838.63,1.22,19.76,16.13,17.51,好
431,4838.63-4848.92,10.29,37.29,19.20,25.70,中
432,4848.92-4861.80,12.88,20.48,2.32,11.36,好
433,4861.80-4863.02,1.22,31.16,20.79,26.85,中
434,4863.02-4865.69,2.67,19.40,11.08,13.79,好
435,4865.69-4870.71,5.03,42.84,20.33,29.60,中
436,4870.71-4874.45,3.73,24.46,5.51,13.89,好
437,4874.45-4879.02,4.57,32.04,19.61,24.32,中
438,4879.02-4974.12,95.10,21.92,2.00,6.01,好
439,4974.12-4975.26,1.14,28.48,20.49,25.18,中
440,4975.26-4978.84,3.58,19.73,14.16,17.79,好
441,4978.84-4980.14,1.29,25.39,20.02,23.04,中
442,4980.14-4981.36,1.22,19.96,16.56,17.67,好
443,4981.36-4985.09,3.73,37.09,20.54,28.40,中
444,4985.09-4989.28,4.19,19.29,6.57,13.03,好
445,4989.28-4991.57,2.29,29.58,20.01,25.76,中
446,4991.57-4995.00,3.43,19.96,14.21,15.76,好
447,4995.00-4996.37,1.37,28.77,20.09,25.48,中
448,4996.37-5000.79,4.42,18.73,7.24,12.75,好
449,5000.79-5005.82,5.03,27.61,18.64,22.29,中
450,5005.82-5071.12,65.30,20.17,1.88,5.92,好
451,5071.12-5072.80,1.68,28.68,20.26,25.00,中
452,5072.80-5158.75,85.95,23.08,1.99,5.45,好
453,5158.75-5162.10,3.35,31.90,20.78,24.96,中
454,5162.10-5191.97,29.87,19.92,1.96,5.75,好
455,5191.97-5196.77,4.80,32.58,20.51,27.67,中
456,5196.77-5204.17,7.39,19.71,2.55,6.42,好
457,5204.17-5207.14,2.97,27.94,19.28,23.13,中
458,5207.14-5218.72,11.58,19.99,2.30,6.29,好
459,5218.72-5220.47,1.75,39.67,20.87,31.38,中
460,5220.47-5238.99,18.52,24.23,2.04,6.39,好
461,5238.99-5244.17,5.18,36.43,20.30,28.69,中
462,5244.17-5250.65,6.48,23.35,3.26,10.85,好
463,5250.65-5253.39,2.74,30.08,21.01,25.87,中
464,5253.39-5270.08,16.69,19.97,2.39,7.64,好
465,5270.08-5272.29,2.21,26.19,20.48,24.05,中
466,5272.29-5295.76,23.47,19.99,2.03,10.48,好
467,5295.76-5296.90,1.14,24.81,20.03,22.95,中
468,5296.90-5306.05,9.14,23.43,3.70,10.65,好
469,5306.05-5307.95,1.90,31.20,20.89,27.36,中
470,5307.95-5339.95,32.00,19.83,2.11,7.69,好
471,5339.95-5341.17,1.22,27.93,20.91,25.23,中
472,5341.17-5395.96,54.79,19.47,2.08,4.80,好
473,5395.96-5397.49,1.52,27.43,20.04,24.78,中
474,5397.49-5418.21,20.73,19.82,1.95,9.11,好
475,5418.21-5419.35,1.14,23.54,20.03,21.80,中
476,5419.35-5421.18,1.83,19.67,5.53,10.46,好
477,5421.18-5422.94,1.75,34.07,20.82,28.13,中
478,5422.94-5507.14,84.20,19.96,2.28,7.30,好
479,5507.14-5511.94,4.80,33.12,20.54,26.63,中
480,5511.94-5537.92,25.98,19.65,2.67,9.62,好
481,5537.92-5545.85,7.92,40.87,20.32,37.24,中
482,5545.85-5548.06,2.21,45.45,40.31,43.66,差
483,5548.06-5550.27,2.21,39.95,27.80,32.22,中
484,5550.27-5552.78,2.51,46.87,40.10,44.70,差
485,5552.78-5564.21,11.43,42.23,14.14,33.09,中
486,5564.21-5566.04,1.83,46.50,40.41,44.26,差
487,5566.04-5575.56,9.52,40.43,16.75,29.94,中
488,5575.56-5576.71,1.14,19.44,13.65,15.84,好
489,5576.71-5577.77,1.07,29.34,20.12,25.56,中
490,5577.77-5587.99,10.21,19.67,2.15,4.73,好
491,5587.99-5592.33,4.34,27.16,20.22,24.90,中
492,5592.33-5598.35,6.02,19.85,5.92,13.77,好
493,5598.35-5599.95,1.60,25.70,20.12,23.03,中
494,5599.95-5652.30,52.35,25.50,2.32,8.29,好
495,5652.30-5655.42,3.12,31.03,20.59,25.95,中
496,5655.42-5707.09,51.66,19.56,2.40,7.15,好
497,5707.09-5708.69,1.60,23.46,20.87,22.09,中
498,5708.69-5729.49,20.80,19.89,3.18,8.60,好
499,5729.49-5732.00,2.51,38.97,20.73,32.69,中
500,5732.00-5734.21,2.21,19.56,14.10,15.96,好
501,5734.21-5735.97,1.75,34.97,20.65,30.03,中
502,5735.97-5751.36,15.39,22.30,6.88,12.50,好
503,5751.36-5760.88,9.52,38.81,17.36,27.78,中
504,5760.88-5791.00,30.12,19.27,6.25,11.83,好
